1.754760742e-04
5.187988281e-04
1.060485840e-03
1.708984375e-03
2.296447754e-03
2.555847168e-03
2.220153809e-03
1.052856445e-03
-1.007080078e-03
-3.784179688e-03
-6.835937500e-03
-9.475708008e-03
-1.087188721e-02
-1.025390625e-02
-7.133483887e-03
-1.502990723e-03
6.050109863e-03
1.430511475e-02
2.159881592e-02
2.610015869e-02
2.624511719e-02
2.113342285e-02
1.084136963e-02
-3.379821777e-03
-1.922607422e-02
-3.372192383e-02
-4.373168945e-02
-4.668426514e-02
-4.115295410e-02
-2.731323242e-02
-7.072448730e-03
1.618957520e-02
3.821563721e-02
5.469512939e-02
6.213378906e-02
5.867767334e-02
4.452514648e-02
2.201080322e-02
-4.837036133e-03
-3.106689453e-02
-5.178833008e-02
-6.317901611e-02
-6.325531006e-02
-5.224609375e-02
-3.253936768e-02
-8.117675781e-03
1.628112793e-02
3.617858887e-02
4.821014404e-02
5.079650879e-02
4.431152344e-02
3.089904785e-02
1.383972168e-02
-3.189086914e-03
-1.697540283e-02
-2.536010742e-02
-2.760314941e-02
-2.437591553e-02
-1.742553711e-02
-9.017944336e-03
-1.342773438e-03
3.997802734e-03
6.286621094e-03
5.775451660e-03
3.440856934e-03
6.103515625e-04
-1.434326172e-03
-1.831054688e-03
-3.662109375e-04
2.525329590e-03
5.920410156e-03
8.735656738e-03
1.000976562e-02
9.216308594e-03
6.362915039e-03
2.014160156e-03
-2.876281738e-03
-7.247924805e-03
-1.017761230e-02
-1.110076904e-02
-9.948730469e-03
-7.095336914e-03
-3.273010254e-03
6.408691406e-04
3.852844238e-03
5.828857422e-03
6.362915039e-03
5.615234375e-03
3.997802734e-03
2.037048340e-03
2.441406250e-04
-1.007080078e-03
-1.571655273e-03
-1.510620117e-03
-1.037597656e-03
-4.196166992e-04
7.629394531e-05
2.899169922e-04
1.831054688e-04
-1.678466797e-04
-6.027221680e-04
-9.689331055e-04
-1.129150391e-03
-1.029968262e-03
-7.019042969e-04
-2.441406250e-04
2.288818359e-04
6.027221680e-04
8.010864258e-04
8.087158203e-04
6.484985352e-04
4.043579102e-04
1.525878906e-04
-4.577636719e-05
-1.449584961e-04
-1.525878906e-04
-9.155273438e-05
-7.629394531e-06
6.103515625e-05
8.392333984e-05
6.866455078e-05
2.288818359e-05
-1.525878906e-05
-3.814697266e-05
-2.288818359e-05
7.629394531e-06
2.288818359e-05
-1.525878906e-05
0.000000000e+00
