-1.525878906e-05
4.577636719e-05
7.629394531e-05
6.103515625e-05
0.000000000e+00
-8.392333984e-05
-1.373291016e-04
-1.068115234e-04
5.340576172e-05
3.662109375e-04
7.781982422e-04
1.197814941e-03
1.487731934e-03
1.487731934e-03
1.091003418e-03
2.670288086e-04
-9.002685547e-04
-2.197265625e-03
-3.334045410e-03
-4.013061523e-03
-3.974914551e-03
-3.112792969e-03
-1.518249512e-03
5.340576172e-04
2.624511719e-03
4.295349121e-03
5.149841309e-03
4.997253418e-03
3.913879395e-03
2.212524414e-03
4.043579102e-04
-9.765625000e-04
-1.525878906e-03
-1.129150391e-03
0.000000000e+00
1.296997070e-03
2.021789551e-03
1.487731934e-03
-7.095336914e-04
-4.470825195e-03
-9.109497070e-03
-1.344299316e-02
-1.602172852e-02
-1.548767090e-02
-1.101684570e-02
-2.616882324e-03
8.674621582e-03
2.085876465e-02
3.134155273e-02
3.744506836e-02
3.704071045e-02
2.917480469e-02
1.438903809e-02
-5.165100098e-03
-2.606201172e-02
-4.423522949e-02
-5.579376221e-02
-5.788421631e-02
-4.941558838e-02
-3.136444092e-02
-6.698608398e-03
2.014160156e-02
4.413604736e-02
6.069183350e-02
6.658935547e-02
6.069183350e-02
4.413604736e-02
2.014160156e-02
-6.698608398e-03
-3.136444092e-02
-4.941558838e-02
-5.788421631e-02
-5.579376221e-02
-4.423522949e-02
-2.606201172e-02
-5.165100098e-03
1.438903809e-02
2.917480469e-02
3.704071045e-02
3.744506836e-02
3.134155273e-02
2.085876465e-02
8.674621582e-03
-2.616882324e-03
-1.101684570e-02
-1.548767090e-02
-1.602172852e-02
-1.344299316e-02
-9.109497070e-03
-4.470825195e-03
-7.095336914e-04
1.487731934e-03
2.021789551e-03
1.296997070e-03
0.000000000e+00
-1.129150391e-03
-1.525878906e-03
-9.765625000e-04
4.043579102e-04
2.212524414e-03
3.913879395e-03
4.997253418e-03
5.149841309e-03
4.295349121e-03
2.624511719e-03
5.340576172e-04
-1.518249512e-03
-3.112792969e-03
-3.974914551e-03
-4.013061523e-03
-3.334045410e-03
-2.197265625e-03
-9.002685547e-04
2.670288086e-04
1.091003418e-03
1.487731934e-03
1.487731934e-03
1.197814941e-03
7.781982422e-04
3.662109375e-04
5.340576172e-05
-1.068115234e-04
-1.373291016e-04
-8.392333984e-05
0.000000000e+00
6.103515625e-05
7.629394531e-05
4.577636719e-05
-1.525878906e-05
